0123, 012, 013, 023, 123, 01, 02, 03, 12, 13, 23, 0, 1, 2, 3, ∅
0123, 012, 013, 023, 123, 02, 03, 12, 13, 23, 0, 1, 2, 3, ∅
0123, 013, 023, 123, 01, 02, 03, 12, 13, 23, 0, 1, 2, 3, ∅
0123, 012, 013, 023, 123, 02, 03, 12, 13, 23, 1, 2, 3, ∅
0123, 012, 013, 023, 123, 02, 03, 12, 13, 0, 1, 2, 3, ∅
0123, 013, 023, 123, 01, 02, 03, 12, 13, 23, 0, 1, 2, ∅
0123, 013, 023, 123, 01, 02, 03, 12, 13, 0, 1, 2, 3, ∅
0123, 013, 023, 123, 02, 03, 12, 13, 23, 0, 1, 2, 3, ∅
0123, 012, 013, 023, 123, 02, 03, 12, 13, 23, 2, 3, ∅
0123, 012, 013, 023, 123, 02, 03, 12, 13, 1, 2, 3, ∅
0123, 012, 023, 123, 01, 03, 12, 13, 23, 1, 2, 3, ∅
0123, 013, 023, 123, 01, 02, 03, 12, 13, 0, 1, 2, ∅
0123, 013, 023, 123, 01, 03, 12, 13, 23, 0, 1, 3, ∅
0123, 013, 023, 123, 01, 03, 12, 13, 0, 1, 2, 3, ∅
0123, 013, 023, 123, 02, 03, 12, 13, 23, 0, 1, 2, ∅
0123, 013, 023, 123, 02, 03, 12, 13, 0, 1, 2, 3, ∅
0123, 013, 023, 123, 03, 12, 13, 23, 0, 1, 2, 3, ∅
0123, 023, 123, 01, 03, 12, 13, 23, 0, 1, 2, 3, ∅
0123, 023, 123, 02, 03, 12, 13, 23, 0, 1, 2, 3, ∅
0123, 012, 013, 023, 123, 02, 03, 12, 13, 1, 3, ∅
0123, 012, 013, 023, 123, 02, 03, 12, 13, 2, 3, ∅
0123, 012, 023, 123, 01, 02, 03, 12, 13, 0, 1, ∅
0123, 012, 023, 123, 02, 03, 12, 13, 23, 1, 3, ∅
0123, 012, 023, 123, 02, 03, 12, 13, 1, 2, 3, ∅
0123, 012, 123, 01, 02, 12, 13, 23, 1, 2, 3, ∅
0123, 012, 123, 02, 03, 12, 13, 23, 1, 2, 3, ∅
0123, 013, 023, 123, 01, 02, 13, 23, 1, 2, 3, ∅
0123, 013, 023, 123, 01, 03, 12, 13, 0, 1, 2, ∅
0123, 013, 023, 123, 01, 03, 12, 13, 0, 1, 3, ∅
0123, 013, 023, 123, 01, 03, 13, 0, 1, 2, 3, ∅
0123, 013, 023, 123, 02, 03, 12, 13, 0, 1, 2, ∅
0123, 013, 023, 123, 03, 12, 13, 23, 0, 1, 2, ∅
0123, 013, 023, 123, 03, 12, 13, 23, 0, 2, 3, ∅
0123, 013, 023, 123, 03, 12, 13, 23, 1, 2, 3, ∅
0123, 013, 023, 123, 03, 12, 13, 0, 1, 2, 3, ∅
0123, 013, 023, 123, 03, 13, 23, 0, 1, 2, 3, ∅
0123, 023, 123, 01, 03, 12, 13, 23, 0, 1, 3, ∅
0123, 023, 123, 01, 03, 12, 13, 0, 1, 2, 3, ∅
0123, 023, 123, 01, 03, 12, 23, 0, 1, 2, 3, ∅
0123, 023, 123, 01, 03, 13, 23, 0, 1, 2, 3, ∅
0123, 023, 123, 01, 12, 13, 23, 0, 1, 2, 3, ∅
0123, 023, 123, 02, 03, 12, 13, 0, 1, 2, 3, ∅
0123, 023, 123, 03, 12, 13, 23, 0, 1, 2, 3, ∅
023, 123, 02, 03, 12, 13, 23, 0, 1, 2, 3, ∅
0123, 012, 013, 023, 123, 02, 03, 12, 13, 3, ∅
0123, 012, 023, 123, 02, 03, 12, 13, 1, 3, ∅
0123, 012, 123, 01, 02, 12, 13, 23, 1, 2, ∅
0123, 012, 123, 03, 12, 13, 23, 1, 2, 3, ∅
0123, 013, 023, 123, 01, 02, 13, 23, 1, 2, ∅
0123, 013, 023, 123, 01, 03, 12, 13, 0, 1, ∅
0123, 013, 023, 123, 01, 03, 13, 0, 1, 2, ∅
0123, 013, 023, 123, 01, 03, 13, 0, 1, 3, ∅
0123, 013, 023, 123, 03, 12, 13, 23, 0, 2, ∅
0123, 013, 023, 123, 03, 12, 13, 23, 1, 2, ∅
0123, 013, 023, 123, 03, 12, 13, 23, 2, 3, ∅
0123, 013, 023, 123, 03, 12, 13, 0, 1, 2, ∅
0123, 013, 023, 123, 03, 12, 13, 0, 1, 3, ∅
0123, 013, 023, 123, 03, 12, 13, 0, 2, 3, ∅
0123, 013, 023, 123, 03, 12, 13, 1, 2, 3, ∅
0123, 013, 023, 123, 03, 13, 23, 0, 1, 2, ∅
0123, 013, 023, 123, 03, 13, 23, 1, 2, 3, ∅
0123, 013, 023, 123, 13, 23, 0, 1, 2, 3, ∅
0123, 023, 123, 01, 02, 13, 23, 1, 2, 3, ∅
0123, 023, 123, 01, 03, 12, 13, 0, 1, 2, ∅
0123, 023, 123, 01, 03, 12, 13, 0, 1, 3, ∅
0123, 023, 123, 01, 03, 12, 23, 0, 1, 3, ∅
0123, 023, 123, 01, 03, 12, 0, 1, 2, 3, ∅
0123, 023, 123, 01, 03, 13, 23, 0, 1, 3, ∅
0123, 023, 123, 01, 03, 13, 23, 1, 2, 3, ∅
0123, 023, 123, 01, 03, 13, 0, 1, 2, 3, ∅
0123, 023, 123, 01, 12, 13, 23, 0, 1, 2, ∅
0123, 023, 123, 01, 12, 13, 0, 1, 2, 3, ∅
0123, 023, 123, 01, 13, 23, 0, 1, 2, 3, ∅
0123, 023, 123, 02, 03, 12, 13, 0, 1, 2, ∅
0123, 023, 123, 02, 03, 13, 23, 1, 2, 3, ∅
0123, 023, 123, 03, 12, 13, 23, 0, 1, 3, ∅
0123, 023, 123, 03, 12, 13, 23, 1, 2, 3, ∅
0123, 023, 123, 03, 12, 13, 0, 1, 2, 3, ∅
0123, 023, 123, 03, 12, 23, 0, 1, 2, 3, ∅
0123, 023, 123, 03, 13, 23, 0, 1, 2, 3, ∅
0123, 023, 123, 12, 13, 23, 0, 1, 2, 3, ∅
0123, 123, 01, 02, 03, 23, 0, 1, 2, 3, ∅
0123, 123, 02, 03, 12, 13, 0, 1, 2, 3, ∅
0123, 123, 02, 03, 13, 23, 0, 1, 2, 3, ∅
0123, 123, 03, 12, 13, 23, 0, 1, 2, 3, ∅
023, 123, 02, 03, 12, 13, 23, 0, 1, 2, ∅
023, 123, 02, 03, 12, 13, 23, 1, 2, 3, ∅
023, 123, 03, 12, 13, 23, 0, 1, 2, 3, ∅
0123, 012, 013, 023, 123, 02, 03, 12, 13, ∅
0123, 013, 023, 123, 01, 03, 13, 0, 1, ∅
0123, 013, 023, 123, 03, 12, 13, 23, 2, ∅
0123, 013, 023, 123, 03, 12, 13, 0, 1, ∅
0123, 013, 023, 123, 03, 12, 13, 0, 2, ∅
0123, 013, 023, 123, 03, 12, 13, 1, 2, ∅
0123, 013, 023, 123, 03, 12, 13, 1, 3, ∅
0123, 013, 023, 123, 03, 12, 13, 2, 3, ∅
0123, 013, 023, 123, 03, 13, 23, 1, 2, ∅
0123, 013, 023, 123, 03, 13, 23, 2, 3, ∅
0123, 013, 023, 123, 13, 23, 0, 1, 2, ∅
0123, 013, 023, 123, 13, 23, 0, 2, 3, ∅
0123, 013, 023, 123, 13, 23, 1, 2, 3, ∅
0123, 023, 123, 01, 03, 12, 0, 1, 3, ∅
0123, 023, 123, 01, 03, 13, 23, 1, 3, ∅
0123, 023, 123, 01, 03, 13, 0, 1, 2, ∅
0123, 023, 123, 01, 03, 13, 0, 1, 3, ∅
0123, 023, 123, 01, 03, 23, 1, 2, 3, ∅
0123, 023, 123, 01, 12, 13, 0, 1, 2, ∅
0123, 023, 123, 01, 13, 23, 0, 1, 2, ∅
0123, 023, 123, 01, 13, 23, 0, 1, 3, ∅
0123, 023, 123, 01, 13, 23, 1, 2, 3, ∅
0123, 023, 123, 01, 13, 0, 1, 2, 3, ∅
0123, 023, 123, 01, 23, 0, 1, 2, 3, ∅
0123, 023, 123, 02, 03, 13, 23, 2, 3, ∅
0123, 023, 123, 02, 03, 13, 1, 2, 3, ∅
0123, 023, 123, 02, 03, 23, 1, 2, 3, ∅
0123, 023, 123, 03, 12, 13, 23, 1, 3, ∅
0123, 023, 123, 03, 12, 13, 0, 1, 2, ∅
0123, 023, 123, 03, 12, 13, 0, 1, 3, ∅
0123, 023, 123, 03, 12, 13, 1, 2, 3, ∅
0123, 023, 123, 03, 12, 23, 0, 1, 3, ∅
0123, 023, 123, 03, 12, 23, 1, 2, 3, ∅
0123, 023, 123, 03, 12, 0, 1, 2, 3, ∅
0123, 023, 123, 03, 13, 23, 0, 1, 3, ∅
0123, 023, 123, 03, 13, 23, 1, 2, 3, ∅
0123, 023, 123, 03, 13, 0, 1, 2, 3, ∅
0123, 023, 123, 12, 13, 23, 0, 1, 2, ∅
0123, 023, 123, 12, 13, 23, 1, 2, 3, ∅
0123, 023, 123, 12, 13, 0, 1, 2, 3, ∅
0123, 023, 123, 13, 23, 0, 1, 2, 3, ∅
0123, 123, 01, 02, 03, 12, 0, 1, 2, ∅
0123, 123, 01, 02, 03, 23, 0, 1, 2, ∅
0123, 123, 01, 02, 03, 0, 1, 2, 3, ∅
0123, 123, 01, 02, 13, 23, 0, 1, 2, ∅
0123, 123, 01, 02, 13, 23, 1, 2, 3, ∅
0123, 123, 01, 03, 12, 23, 0, 1, 2, ∅
0123, 123, 01, 03, 13, 23, 1, 2, 3, ∅
0123, 123, 02, 03, 12, 23, 0, 1, 2, ∅
0123, 123, 02, 03, 13, 23, 0, 2, 3, ∅
0123, 123, 02, 03, 13, 0, 1, 2, 3, ∅
0123, 123, 02, 03, 23, 0, 1, 2, 3, ∅
0123, 123, 03, 12, 13, 23, 0, 2, 3, ∅
0123, 123, 03, 12, 13, 23, 1, 2, 3, ∅
0123, 123, 03, 12, 23, 0, 1, 2, 3, ∅
0123, 123, 03, 13, 23, 0, 1, 2, 3, ∅
0123, 123, 12, 13, 23, 0, 1, 2, 3, ∅
0123, 02, 03, 12, 13, 0, 1, 2, 3, ∅
0123, 03, 12, 13, 23, 0, 1, 2, 3, ∅
023, 123, 02, 03, 12, 13, 23, 2, 3, ∅
023, 123, 03, 12, 13, 23, 0, 1, 2, ∅
023, 123, 03, 12, 13, 23, 0, 1, 3, ∅
023, 123, 03, 12, 13, 23, 0, 2, 3, ∅
023, 123, 03, 12, 13, 23, 1, 2, 3, ∅
023, 123, 03, 12, 23, 0, 1, 2, 3, ∅
023, 123, 03, 13, 23, 0, 1, 2, 3, ∅
023, 123, 12, 13, 23, 0, 1, 2, 3, ∅
123, 03, 12, 13, 23, 0, 1, 2, 3, ∅
0123, 013, 023, 123, 03, 12, 13, 1, ∅
0123, 013, 023, 123, 03, 12, 13, 2, ∅
0123, 013, 023, 123, 03, 13, 23, 2, ∅
0123, 013, 023, 123, 03, 13, 23, 3, ∅
0123, 013, 023, 123, 13, 23, 0, 2, ∅
0123, 013, 023, 123, 13, 23, 0, 3, ∅
0123, 013, 023, 123, 13, 23, 1, 2, ∅
0123, 013, 023, 123, 13, 23, 2, 3, ∅
0123, 023, 123, 01, 03, 12, 0, 1, ∅
0123, 023, 123, 01, 03, 13, 0, 1, ∅
0123, 023, 123, 01, 03, 23, 1, 3, ∅
0123, 023, 123, 01, 13, 23, 0, 1, ∅
0123, 023, 123, 01, 13, 23, 1, 3, ∅
0123, 023, 123, 01, 13, 0, 1, 2, ∅
0123, 023, 123, 01, 13, 0, 1, 3, ∅
0123, 023, 123, 01, 23, 0, 1, 3, ∅
0123, 023, 123, 01, 23, 1, 2, 3, ∅
0123, 023, 123, 01, 0, 1, 2, 3, ∅
0123, 023, 123, 02, 03, 13, 2, 3, ∅
0123, 023, 123, 02, 03, 1, 2, 3, ∅
0123, 023, 123, 03, 12, 13, 1, 2, ∅
0123, 023, 123, 03, 12, 13, 1, 3, ∅
0123, 023, 123, 03, 12, 23, 0, 1, ∅
0123, 023, 123, 03, 12, 23, 1, 2, ∅
0123, 023, 123, 03, 12, 23, 1, 3, ∅
0123, 023, 123, 03, 12, 23, 2, 3, ∅
0123, 023, 123, 03, 12, 0, 1, 3, ∅
0123, 023, 123, 03, 12, 1, 2, 3, ∅
0123, 023, 123, 03, 13, 23, 1, 3, ∅
0123, 023, 123, 03, 13, 23, 2, 3, ∅
0123, 023, 123, 03, 13, 0, 1, 2, ∅
0123, 023, 123, 03, 13, 0, 1, 3, ∅
0123, 023, 123, 03, 13, 1, 2, 3, ∅
0123, 023, 123, 12, 13, 23, 1, 2, ∅
0123, 023, 123, 12, 13, 23, 2, 3, ∅
0123, 023, 123, 12, 13, 0, 1, 2, ∅
0123, 023, 123, 12, 13, 1, 2, 3, ∅
0123, 023, 123, 13, 23, 0, 1, 2, ∅
0123, 023, 123, 13, 23, 0, 1, 3, ∅
0123, 023, 123, 13, 23, 0, 2, 3, ∅
0123, 023, 123, 13, 23, 1, 2, 3, ∅
0123, 023, 123, 13, 0, 1, 2, 3, ∅
0123, 023, 123, 23, 0, 1, 2, 3, ∅
0123, 123, 01, 02, 03, 0, 1, 2, ∅
0123, 123, 01, 02, 13, 23, 1, 2, ∅
0123, 123, 01, 03, 23, 0, 1, 2, ∅
0123, 123, 01, 03, 23, 1, 2, 3, ∅
0123, 123, 02, 03, 12, 23, 0, 2, ∅
0123, 123, 02, 03, 12, 0, 1, 2, ∅
0123, 123, 02, 03, 13, 23, 2, 3, ∅
0123, 123, 02, 03, 13, 0, 2, 3, ∅
0123, 123, 02, 03, 23, 0, 1, 2, ∅
0123, 123, 02, 03, 23, 0, 2, 3, ∅
0123, 123, 02, 03, 23, 1, 2, 3, ∅
0123, 123, 02, 03, 0, 1, 2, 3, ∅
0123, 123, 03, 12, 13, 23, 2, 3, ∅
0123, 123, 03, 12, 23, 0, 1, 2, ∅
0123, 123, 03, 12, 23, 0, 1, 3, ∅
0123, 123, 03, 12, 23, 0, 2, 3, ∅
0123, 123, 03, 12, 23, 1, 2, 3, ∅
0123, 123, 03, 12, 0, 1, 2, 3, ∅
0123, 123, 03, 13, 23, 0, 2, 3, ∅
0123, 123, 03, 13, 23, 1, 2, 3, ∅
0123, 123, 03, 23, 0, 1, 2, 3, ∅
0123, 123, 12, 13, 23, 0, 2, 3, ∅
0123, 123, 12, 13, 23, 1, 2, 3, ∅
0123, 123, 13, 23, 0, 1, 2, 3, ∅
0123, 01, 02, 13, 23, 1, 2, 3, ∅
0123, 02, 12, 13, 23, 0, 1, 2, ∅
0123, 03, 12, 13, 23, 1, 2, 3, ∅
0123, 03, 12, 23, 0, 1, 2, 3, ∅
0123, 03, 13, 23, 0, 1, 2, 3, ∅
0123, 12, 13, 23, 0, 1, 2, 3, ∅
023, 123, 02, 03, 23, 1, 2, 3, ∅
023, 123, 03, 12, 13, 23, 1, 2, ∅
023, 123, 03, 12, 13, 23, 1, 3, ∅
023, 123, 03, 12, 13, 23, 2, 3, ∅
023, 123, 03, 12, 23, 0, 1, 3, ∅
023, 123, 03, 12, 23, 1, 2, 3, ∅
023, 123, 03, 13, 23, 0, 1, 2, ∅
023, 123, 03, 13, 23, 0, 1, 3, ∅
023, 123, 03, 13, 23, 1, 2, 3, ∅
023, 123, 12, 13, 23, 0, 1, 2, ∅
023, 123, 12, 13, 23, 1, 2, 3, ∅
023, 123, 13, 23, 0, 1, 2, 3, ∅
123, 03, 12, 13, 23, 0, 2, 3, ∅
123, 03, 12, 13, 23, 1, 2, 3, ∅
123, 03, 12, 23, 0, 1, 2, 3, ∅
123, 03, 13, 23, 0, 1, 2, 3, ∅
123, 12, 13, 23, 0, 1, 2, 3, ∅
02, 03, 12, 13, 0, 1, 2, 3, ∅
0123, 013, 023, 123, 03, 13, 23, ∅
0123, 013, 023, 123, 13, 23, 0, ∅
0123, 013, 023, 123, 13, 23, 2, ∅
0123, 013, 023, 123, 13, 23, 3, ∅
0123, 023, 123, 01, 13, 0, 1, ∅
0123, 023, 123, 01, 23, 0, 1, ∅
0123, 023, 123, 01, 23, 1, 3, ∅
0123, 023, 123, 01, 0, 1, 3, ∅
0123, 023, 123, 03, 12, 23, 1, ∅
0123, 023, 123, 03, 12, 23, 3, ∅
0123, 023, 123, 03, 12, 0, 1, ∅
0123, 023, 123, 03, 12, 1, 2, ∅
0123, 023, 123, 03, 12, 1, 3, ∅
0123, 023, 123, 03, 12, 2, 3, ∅
0123, 023, 123, 03, 13, 23, 3, ∅
0123, 023, 123, 03, 13, 0, 1, ∅
0123, 023, 123, 03, 13, 1, 2, ∅
0123, 023, 123, 03, 13, 1, 3, ∅
0123, 023, 123, 03, 13, 2, 3, ∅
0123, 023, 123, 12, 13, 1, 2, ∅
0123, 023, 123, 12, 13, 2, 3, ∅
0123, 023, 123, 13, 23, 0, 1, ∅
0123, 023, 123, 13, 23, 0, 2, ∅
0123, 023, 123, 13, 23, 0, 3, ∅
0123, 023, 123, 13, 23, 1, 2, ∅
0123, 023, 123, 13, 23, 1, 3, ∅
0123, 023, 123, 13, 23, 2, 3, ∅
0123, 023, 123, 13, 0, 1, 2, ∅
0123, 023, 123, 13, 0, 1, 3, ∅
0123, 023, 123, 13, 0, 2, 3, ∅
0123, 023, 123, 13, 1, 2, 3, ∅
0123, 023, 123, 23, 0, 1, 3, ∅
0123, 023, 123, 23, 1, 2, 3, ∅
0123, 023, 123, 0, 1, 2, 3, ∅
0123, 123, 01, 03, 23, 0, 1, ∅
0123, 123, 01, 03, 23, 1, 3, ∅
0123, 123, 01, 03, 1, 2, 3, ∅
0123, 123, 02, 03, 12, 0, 2, ∅
0123, 123, 02, 03, 23, 0, 2, ∅
0123, 123, 02, 03, 23, 2, 3, ∅
0123, 123, 02, 03, 0, 1, 2, ∅
0123, 123, 02, 03, 0, 2, 3, ∅
0123, 123, 03, 12, 23, 0, 2, ∅
0123, 123, 03, 12, 23, 0, 3, ∅
0123, 123, 03, 12, 23, 1, 2, ∅
0123, 123, 03, 12, 23, 1, 3, ∅
0123, 123, 03, 12, 23, 2, 3, ∅
0123, 123, 03, 12, 0, 1, 2, ∅
0123, 123, 03, 12, 0, 2, 3, ∅
0123, 123, 03, 12, 1, 2, 3, ∅
0123, 123, 03, 13, 23, 0, 3, ∅
0123, 123, 03, 13, 23, 2, 3, ∅
0123, 123, 03, 23, 0, 1, 2, ∅
0123, 123, 03, 23, 0, 1, 3, ∅
0123, 123, 03, 23, 0, 2, 3, ∅
0123, 123, 03, 23, 1, 2, 3, ∅
0123, 123, 03, 0, 1, 2, 3, ∅
0123, 123, 12, 13, 23, 2, 3, ∅
0123, 123, 13, 23, 0, 1, 2, ∅
0123, 123, 13, 23, 0, 2, 3, ∅
0123, 123, 13, 23, 1, 2, 3, ∅
0123, 123, 23, 0, 1, 2, 3, ∅
0123, 01, 02, 13, 23, 1, 2, ∅
0123, 02, 12, 13, 23, 1, 2, ∅
0123, 02, 13, 23, 0, 1, 2, ∅
0123, 03, 12, 23, 1, 2, 3, ∅
0123, 03, 12, 0, 1, 2, 3, ∅
0123, 03, 13, 23, 1, 2, 3, ∅
0123, 12, 13, 23, 0, 1, 2, ∅
0123, 12, 13, 23, 1, 2, 3, ∅
0123, 13, 23, 0, 1, 2, 3, ∅
023, 123, 03, 12, 23, 0, 1, ∅
023, 123, 03, 12, 23, 1, 2, ∅
023, 123, 03, 12, 23, 1, 3, ∅
023, 123, 03, 12, 23, 2, 3, ∅
023, 123, 03, 13, 23, 0, 1, ∅
023, 123, 03, 13, 23, 1, 2, ∅
023, 123, 03, 13, 23, 1, 3, ∅
023, 123, 03, 13, 23, 2, 3, ∅
023, 123, 12, 13, 23, 1, 2, ∅
023, 123, 12, 13, 23, 2, 3, ∅
023, 123, 13, 23, 0, 1, 2, ∅
023, 123, 13, 23, 0, 1, 3, ∅
023, 123, 13, 23, 0, 2, 3, ∅
023, 123, 13, 23, 1, 2, 3, ∅
023, 123, 23, 0, 1, 2, 3, ∅
123, 03, 12, 13, 23, 2, 3, ∅
123, 03, 12, 23, 0, 1, 3, ∅
123, 03, 12, 23, 0, 2, 3, ∅
123, 03, 12, 23, 1, 2, 3, ∅
123, 03, 12, 0, 1, 2, 3, ∅
123, 03, 13, 23, 0, 2, 3, ∅
123, 03, 13, 23, 1, 2, 3, ∅
123, 03, 23, 0, 1, 2, 3, ∅
123, 12, 13, 23, 0, 2, 3, ∅
123, 12, 13, 23, 1, 2, 3, ∅
123, 13, 23, 0, 1, 2, 3, ∅
03, 12, 23, 0, 1, 2, 3, ∅
03, 13, 23, 0, 1, 2, 3, ∅
0123, 013, 023, 123, 13, 23, ∅
0123, 023, 123, 01, 23, 1, ∅
0123, 023, 123, 01, 0, 1, ∅
0123, 023, 123, 03, 12, 23, ∅
0123, 023, 123, 03, 12, 1, ∅
0123, 023, 123, 03, 12, 3, ∅
0123, 023, 123, 03, 13, 1, ∅
0123, 023, 123, 03, 13, 2, ∅
0123, 023, 123, 03, 13, 3, ∅
0123, 023, 123, 13, 23, 0, ∅
0123, 023, 123, 13, 23, 1, ∅
0123, 023, 123, 13, 23, 2, ∅
0123, 023, 123, 13, 23, 3, ∅
0123, 023, 123, 13, 0, 1, ∅
0123, 023, 123, 13, 0, 2, ∅
0123, 023, 123, 13, 0, 3, ∅
0123, 023, 123, 13, 1, 2, ∅
0123, 023, 123, 13, 1, 3, ∅
0123, 023, 123, 13, 2, 3, ∅
0123, 023, 123, 23, 0, 1, ∅
0123, 023, 123, 23, 1, 3, ∅
0123, 023, 123, 23, 2, 3, ∅
0123, 023, 123, 0, 1, 3, ∅
0123, 023, 123, 1, 2, 3, ∅
0123, 123, 02, 03, 0, 2, ∅
0123, 123, 02, 03, 2, 3, ∅
0123, 123, 03, 12, 23, 2, ∅
0123, 123, 03, 12, 23, 3, ∅
0123, 123, 03, 12, 0, 2, ∅
0123, 123, 03, 12, 0, 3, ∅
0123, 123, 03, 12, 1, 2, ∅
0123, 123, 03, 12, 2, 3, ∅
0123, 123, 03, 13, 23, 3, ∅
0123, 123, 03, 23, 0, 1, ∅
0123, 123, 03, 23, 0, 2, ∅
0123, 123, 03, 23, 0, 3, ∅
0123, 123, 03, 23, 1, 2, ∅
0123, 123, 03, 23, 1, 3, ∅
0123, 123, 03, 23, 2, 3, ∅
0123, 123, 03, 0, 1, 2, ∅
0123, 123, 03, 0, 2, 3, ∅
0123, 123, 03, 1, 2, 3, ∅
0123, 123, 13, 23, 0, 2, ∅
0123, 123, 13, 23, 0, 3, ∅
0123, 123, 13, 23, 1, 2, ∅
0123, 123, 13, 23, 2, 3, ∅
0123, 123, 23, 0, 1, 3, ∅
0123, 123, 23, 0, 2, 3, ∅
0123, 123, 23, 1, 2, 3, ∅
0123, 123, 0, 1, 2, 3, ∅
0123, 02, 13, 23, 0, 2, ∅
0123, 02, 13, 23, 1, 2, ∅
0123, 03, 12, 23, 2, 3, ∅
0123, 03, 12, 1, 2, 3, ∅
0123, 03, 13, 23, 2, 3, ∅
0123, 12, 13, 23, 2, 3, ∅
0123, 13, 23, 0, 1, 2, ∅
0123, 13, 23, 0, 2, 3, ∅
0123, 13, 23, 1, 2, 3, ∅
0123, 23, 0, 1, 2, 3, ∅
023, 123, 03, 12, 23, 1, ∅
023, 123, 03, 12, 23, 3, ∅
023, 123, 03, 13, 23, 1, ∅
023, 123, 03, 13, 23, 2, ∅
023, 123, 03, 13, 23, 3, ∅
023, 123, 13, 23, 0, 1, ∅
023, 123, 13, 23, 0, 2, ∅
023, 123, 13, 23, 0, 3, ∅
023, 123, 13, 23, 1, 2, ∅
023, 123, 13, 23, 1, 3, ∅
023, 123, 13, 23, 2, 3, ∅
023, 123, 23, 0, 1, 3, ∅
023, 123, 23, 1, 2, 3, ∅
123, 03, 12, 23, 0, 3, ∅
123, 03, 12, 23, 1, 3, ∅
123, 03, 12, 23, 2, 3, ∅
123, 03, 12, 0, 2, 3, ∅
123, 03, 12, 1, 2, 3, ∅
123, 03, 13, 23, 0, 3, ∅
123, 03, 13, 23, 2, 3, ∅
123, 03, 23, 0, 1, 3, ∅
123, 03, 23, 0, 2, 3, ∅
123, 03, 23, 1, 2, 3, ∅
123, 03, 0, 1, 2, 3, ∅
123, 12, 13, 23, 2, 3, ∅
123, 13, 23, 0, 1, 2, ∅
123, 13, 23, 0, 2, 3, ∅
123, 13, 23, 1, 2, 3, ∅
123, 23, 0, 1, 2, 3, ∅
03, 12, 23, 1, 2, 3, ∅
03, 12, 0, 1, 2, 3, ∅
03, 13, 23, 1, 2, 3, ∅
13, 23, 0, 1, 2, 3, ∅
0123, 023, 123, 03, 12, ∅
0123, 023, 123, 03, 13, ∅
0123, 023, 123, 13, 23, ∅
0123, 023, 123, 13, 0, ∅
0123, 023, 123, 13, 1, ∅
0123, 023, 123, 13, 2, ∅
0123, 023, 123, 13, 3, ∅
0123, 023, 123, 23, 1, ∅
0123, 023, 123, 23, 3, ∅
0123, 023, 123, 0, 1, ∅
0123, 023, 123, 1, 3, ∅
0123, 023, 123, 2, 3, ∅
0123, 123, 03, 12, 0, ∅
0123, 123, 03, 12, 2, ∅
0123, 123, 03, 12, 3, ∅
0123, 123, 03, 23, 0, ∅
0123, 123, 03, 23, 1, ∅
0123, 123, 03, 23, 2, ∅
0123, 123, 03, 23, 3, ∅
0123, 123, 03, 0, 2, ∅
0123, 123, 03, 0, 3, ∅
0123, 123, 03, 1, 2, ∅
0123, 123, 03, 2, 3, ∅
0123, 123, 13, 23, 0, ∅
0123, 123, 13, 23, 2, ∅
0123, 123, 13, 23, 3, ∅
0123, 123, 23, 0, 1, ∅
0123, 123, 23, 0, 3, ∅
0123, 123, 23, 1, 3, ∅
0123, 123, 23, 2, 3, ∅
0123, 123, 0, 2, 3, ∅
0123, 123, 1, 2, 3, ∅
0123, 02, 13, 23, 2, ∅
0123, 03, 12, 1, 2, ∅
0123, 03, 12, 2, 3, ∅
0123, 03, 13, 23, 3, ∅
0123, 13, 23, 0, 2, ∅
0123, 13, 23, 0, 3, ∅
0123, 13, 23, 1, 2, ∅
0123, 13, 23, 2, 3, ∅
0123, 23, 0, 1, 3, ∅
0123, 23, 1, 2, 3, ∅
0123, 0, 1, 2, 3, ∅
023, 123, 03, 12, 23, ∅
023, 123, 03, 13, 23, ∅
023, 123, 13, 23, 0, ∅
023, 123, 13, 23, 1, ∅
023, 123, 13, 23, 2, ∅
023, 123, 13, 23, 3, ∅
023, 123, 23, 0, 1, ∅
023, 123, 23, 1, 3, ∅
023, 123, 23, 2, 3, ∅
123, 03, 12, 23, 3, ∅
123, 03, 12, 0, 3, ∅
123, 03, 12, 2, 3, ∅
123, 03, 13, 23, 3, ∅
123, 03, 23, 0, 3, ∅
123, 03, 23, 1, 3, ∅
123, 03, 23, 2, 3, ∅
123, 03, 0, 2, 3, ∅
123, 03, 1, 2, 3, ∅
123, 13, 23, 0, 2, ∅
123, 13, 23, 0, 3, ∅
123, 13, 23, 1, 2, ∅
123, 13, 23, 2, 3, ∅
123, 23, 0, 1, 3, ∅
123, 23, 0, 2, 3, ∅
123, 23, 1, 2, 3, ∅
123, 0, 1, 2, 3, ∅
03, 12, 23, 2, 3, ∅
03, 12, 1, 2, 3, ∅
03, 13, 23, 2, 3, ∅
13, 23, 0, 2, 3, ∅
13, 23, 1, 2, 3, ∅
23, 0, 1, 2, 3, ∅
0123, 023, 123, 13, ∅
0123, 023, 123, 23, ∅
0123, 023, 123, 1, ∅
0123, 023, 123, 3, ∅
0123, 123, 03, 12, ∅
0123, 123, 03, 23, ∅
0123, 123, 03, 0, ∅
0123, 123, 03, 2, ∅
0123, 123, 03, 3, ∅
0123, 123, 13, 23, ∅
0123, 123, 23, 0, ∅
0123, 123, 23, 1, ∅
0123, 123, 23, 3, ∅
0123, 123, 0, 3, ∅
0123, 123, 2, 3, ∅
0123, 03, 12, 3, ∅
0123, 13, 23, 0, ∅
0123, 13, 23, 2, ∅
0123, 13, 23, 3, ∅
0123, 23, 0, 1, ∅
0123, 23, 1, 3, ∅
0123, 23, 2, 3, ∅
0123, 1, 2, 3, ∅
023, 123, 13, 23, ∅
023, 123, 23, 1, ∅
023, 123, 23, 3, ∅
123, 03, 12, 3, ∅
123, 03, 23, 3, ∅
123, 03, 0, 3, ∅
123, 03, 2, 3, ∅
123, 13, 23, 0, ∅
123, 13, 23, 2, ∅
123, 13, 23, 3, ∅
123, 23, 0, 1, ∅
123, 23, 0, 3, ∅
123, 23, 1, 3, ∅
123, 23, 2, 3, ∅
123, 0, 2, 3, ∅
123, 1, 2, 3, ∅
03, 12, 1, 2, ∅
03, 12, 2, 3, ∅
03, 13, 23, 3, ∅
13, 23, 0, 3, ∅
13, 23, 2, 3, ∅
23, 0, 1, 3, ∅
23, 1, 2, 3, ∅
0, 1, 2, 3, ∅
0123, 023, 123, ∅
0123, 123, 03, ∅
0123, 123, 23, ∅
0123, 123, 0, ∅
0123, 123, 3, ∅
0123, 03, 12, ∅
0123, 13, 23, ∅
0123, 23, 1, ∅
0123, 23, 3, ∅
0123, 2, 3, ∅
023, 123, 23, ∅
123, 03, 3, ∅
123, 13, 23, ∅
123, 23, 0, ∅
123, 23, 1, ∅
123, 23, 3, ∅
123, 0, 3, ∅
123, 2, 3, ∅
03, 12, 3, ∅
13, 23, 3, ∅
23, 0, 1, ∅
23, 1, 3, ∅
23, 2, 3, ∅
1, 2, 3, ∅
0123, 123, ∅
0123, 23, ∅
0123, 3, ∅
123, 23, ∅
123, 0, ∅
123, 3, ∅
03, 12, ∅
23, 1, ∅
23, 3, ∅
2, 3, ∅
0123, ∅
123, ∅
23, ∅
3, ∅
∅